TEAM GROUPS - 146 Teams Divided into 3 Groups
================================================

GROUP 1: Iron Eagles (49 teams)
-------------------------------
3, 8, 9, 10, 12, 13, 15, 26, 27, 28, 35, 36, 50, 51, 55, 56, 60, 61, 64, 65, 66, 73, 77, 80, 81, 82, 92, 94, 96, 97, 98, 100, 101, 102, 105, 107, 112, 114, 122, 124, 125, 128, 132, 135, 136, 137, 140, 141, 145

GROUP 2: Ocean Waves (49 teams)
--------------------------------
1, 2, 5, 7, 11, 16, 22, 23, 24, 31, 33, 34, 37, 40, 43, 45, 46, 48, 49, 53, 54, 57, 58, 59, 62, 69, 72, 74, 75, 76, 79, 83, 91, 95, 99, 103, 108, 111, 113, 117, 120, 121, 127, 131, 134, 139, 142, 144, 146

GROUP 3: Meteor Strikers (48 teams)
------------------------------------
4, 6, 14, 17, 18, 19, 20, 21, 25, 29, 30, 32, 38, 39, 41, 42, 44, 47, 52, 63, 67, 68, 70, 71, 78, 84, 85, 86, 87, 88, 89, 90, 93, 104, 106, 109, 110, 115, 116, 118, 119, 123, 126, 129, 130, 133, 138, 143

Total Teams: 146
Groups: 3
Distribution: 49 + 49 + 48 = 146